6.700000000000000226e-04
6.839856488259556545e-04
6.982632355221844028e-04
7.128388540297795478e-04
7.277187254953872099e-04
7.429092009265073505e-04
7.584167639022221154e-04
7.742480333405119420e-04
7.904097663233286336e-04
8.069088609806475149e-04
8.237523594347179613e-04
8.409474508057721443e-04
8.585014742804768836e-04
8.764219222444348490e-04
8.947164434800762740e-04
9.133928464313005504e-04
9.324591025362670860e-04
9.519233496297564885e-04
9.717938954165463404e-04
9.920792210172974402e-04
1.012787984588454839e-03
1.033929025017710831e-03
1.055511365696606757e-03
1.077544218371886704e-03
1.100036987077242191e-03
1.122999272147129444e-03
1.146440874314372292e-03
1.170371798893301250e-03
1.194802260050202309e-03
1.219742685162919027e-03
1.245203719271451275e-03
1.271196229621457960e-03
1.297731310302599039e-03
1.324820286983702635e-03
1.352474721746770850e-03
1.380706418021893783e-03
1.409527425625172088e-03
1.438950045901809085e-03
1.468986836976548431e-03
1.499650619113720735e-03
1.530954480189170713e-03
1.562911781276408096e-03
1.595536162349364250e-03
1.628841548104186616e-03
1.662842153902561364e-03
1.697552491839094150e-03
1.732987376935343901e-03
1.769161933463150524e-03
1.806091601399962936e-03
1.843792143018899588e-03
1.882279649616389917e-03
1.921570548380237319e-03
1.961681609401050731e-03
2.002629952830033318e-03
2.044433056186183758e-03
2.087108761816027641e-03
2.130675284509061119e-03
2.175151219272176105e-03
2.220555549266339801e-03
2.266907653908975442e-03
2.314227317145456028e-03
2.362534735893261593e-03
2.411850528662403022e-03
2.462195744355787867e-03
2.513591871253284277e-03
2.566060846183321545e-03
2.619625063885940366e-03
2.674307386571283564e-03
2.730131153677617297e-03
2.787120191833043943e-03
2.845298825025144134e-03
2.904691884982914252e-03
2.965324721775412960e-03
3.027223214631644815e-03
3.090413782986299682e-03
3.154923397756059442e-03
3.220779592851290632e-03
3.288010476928040528e-03
3.356644745385321382e-03
3.426711692612856644e-03
3.498241224494467311e-03
3.571263871172467800e-03
3.645810800078499309e-03
3.721913829236371280e-03
3.799605440842591768e-03
3.878918795130375033e-03
3.959887744523050458e-03
4.042546848082907880e-03
4.126931386261655822e-03
4.213077375958771027e-03
4.301021585894199833e-03
4.390801552301918341e-03
4.482455594951105515e-03
4.576022833501741487e-03
4.671543204201606368e-03
4.769057476931820583e-03
4.868607272608183045e-03
4.970235080945782126e-03
5.073984278594368194e-03
5.179899147652339969e-03
5.288024894567163944e-03
5.398407669430339319e-03
5.511094585675112810e-03
5.626133740185377576e-03
5.743574233824321439e-03
5.863466192391596915e-03
5.985860788017942531e-03
6.110810261006415639e-03
6.238367942129522704e-03
6.368588275391789781e-03
6.501526841267503236e-03
6.637240380423460075e-03
6.775786817936974883e-03
6.917225288019371310e-03
7.061616159255578069e-03
7.209021060370566537e-03
7.359502906533638492e-03
7.513125926211816283e-03
7.669955688583729100e-03
7.830059131525776706e-03
7.993504590182474306e-03
8.160361826133151128e-03
8.330702057167526514e-03
8.504597987682766327e-03
8.682123839715094257e-03
8.863355384619143670e-03
9.048369975408580845e-03
9.237246579771842686e-03
9.430065813776988132e-03
9.626909976280174225e-03
9.827863084052328516e-03
1.003301090763908388e-02
1.024244100796926731e-02
1.045624277372751189e-02
1.067450745950704848e-02
1.089732822475885342e-02
1.112480017355384904e-02
1.135702039517512418e-02
1.159408800555741456e-02
1.183610418959167056e-02
1.208317224431264096e-02
1.233539762298799247e-02
1.259288798012775205e-02
1.285575321743322001e-02
1.312410553070511576e-02
1.339805945773082235e-02
1.367773192717125844e-02
1.396324230846824124e-02
1.425471246279355793e-02
1.455226679506162191e-02
1.485603230702781108e-02
1.516613865149518854e-02
1.548271818765273831e-02
1.580590603756877946e-02
1.613584014386353765e-02
1.647266132858567558e-02
1.681651335331776215e-02
1.716754298053640299e-02
1.752590003625324397e-02
1.789173747396345313e-02
1.826521143992918678e-02
1.864648133982572259e-02
1.903570990677875066e-02
1.943306327082199372e-02
1.983871102980451842e-02
2.025282632177833816e-02
2.067558589889693932e-02
2.110717020285641024e-02
2.154776344191136964e-02
2.199755366949843888e-02
2.245673286450100212e-02
2.292549701318936928e-02
2.340404619287139026e-02
2.389258465728921060e-02
2.439132092379856301e-02
2.490046786236786019e-02
2.542024278643513144e-02
2.595086754566140394e-02
2.649256862062036866e-02
2.704557721946444435e-02
2.761012937660876562e-02
2.818646605347510659e-02
2.877483324133870563e-02
2.937548206632198747e-02
2.998866889657980303e-02
3.061465545172222316e-02
3.125370891452134564e-02
3.190610204494989666e-02
3.257211329660029964e-02
3.325202693553386962e-02
3.394613316161087385e-02
3.465472823235329208e-02
3.537811458939300185e-02
3.611660098755967163e-02
3.687050262666290851e-02
3.764014128602557324e-02
3.842584546182513383e-02
3.922795050730203820e-02
4.004679877589469028e-02
4.088273976736241794e-02
4.173613027695832756e-02
4.260733454771634815e-02
4.349672442591689253e-02
4.440467951979782529e-02
4.533158736157841262e-02
4.627784357286522654e-02
4.724385203351089829e-02
4.823002505399760775e-02
4.923678355141885427e-02
5.026455722913487217e-02
5.131378476017789403e-02
5.238491397448613585e-02
5.347840205004592701e-02
5.459471570802381518e-02
5.573433141197202401e-02
5.689773557119183478e-02
5.808542474834223895e-02
5.929790587138222130e-02
6.053569644993699039e-02
6.179932479618097801e-02
6.308933025033106046e-02
6.440626341084729201e-02
6.575068636943848244e-02
6.712317295097354475e-02
6.852430895840071201e-02
6.995469242277903288e-02
7.141493385852937248e-02
7.290565652401330421e-02
7.442749668755149761e-02
7.598110389899488670e-02
7.756714126696472034e-02
7.918628574187965008e-02
8.083922840489116135e-02
8.252667476284940296e-02
8.424934504942710456e-02
8.600797453252867486e-02
8.780331382811626395e-02
8.963612922058671051e-02
9.150720298983612555e-02
9.341733374515147348e-02
9.536733676607203614e-02
9.735804435036586602e-02
9.939030616927038708e-02
1.014649896301474397e-01
1.035829802467093247e-01
1.057451820169725692e-01
1.079525178091011450e-01
1.102059297553038414e-01
1.125063796539539918e-01
1.148548493801029996e-01
1.172523413045629403e-01
1.196998787217369992e-01
1.221985062863813198e-01
1.247492904594822843e-01
1.273533199634426794e-01
1.300117062467684714e-01
1.327255839584559338e-01
1.354961114322810745e-01
1.383244711811981165e-01
1.412118704020582094e-01
1.441595414908635187e-01
1.471687425687769335e-01
1.502407580191116865e-01
1.533768990355305895e-01
1.565785041816872558e-01
1.598469399625506993e-01
1.631836014076549490e-01
1.665899126665238705e-01
1.700673276165247938e-01
1.736173304834105757e-01
1.772414364748148008e-01
1.809411924269710426e-01
1.847181774649309938e-01
1.885740036765654049e-01
1.925103168006324361e-01
1.965287969292101866e-01
2.006311592247914943e-01
2.048191546523472351e-01
2.090945707266708420e-01
2.134592322753232907e-01
2.179150022175035673e-01
2.224637823591772146e-01
2.271075142048027407e-01
2.318481797860029170e-01
2.366878025075313252e-01
2.416284480109006927e-01
2.466722250560366980e-01
2.518212864213364433e-01
2.570778298225143144e-01
2.624440988506284711e-01
2.679223839296870913e-01
2.735150232942444859e-01
2.792244039874029471e-01
2.850529628796485970e-01
2.910031877089514496e-01
2.970776181425798801e-01
3.032788468610775889e-01
3.096095206648683540e-01
3.160723416039598055e-01
3.226700681312291707e-01
3.294055162797822067e-01
3.362815608648891397e-01
3.433011367110093137e-01
3.504672399044292397e-01
3.577829290720490607e-01
3.652513266868602226e-01
3.728756204006763442e-01
3.806590644046825567e-01
3.886049808183851817e-01
3.967167611075540501e-01
4.049978675317641441e-01
4.134518346221524032e-01
4.220822706900218546e-01
4.308928593669356655e-01
4.398873611769623104e-01
4.490696151417343795e-01
4.584435404190170260e-01
4.680131379754769450e-01
4.777824922943703090e-01
4.877557731188761347e-01
4.979372372318209838e-01
5.083312302725535581e-01
5.189421885917444577e-01
5.297746411449035797e-01
5.408332114254248424e-01
5.521226194379768026e-01
5.636476837130905970e-01
5.754133233637990230e-01
5.874245601852051690e-01
5.996865207978793189e-01
6.122044388359961786e-01
6.249836571811475672e-01
6.380296302427848065e-01
6.513479262862615915e-01
6.649442298094766501e-01
6.788243439691198367e-01
6.929941930575702624e-01
7.074598250314951819e-01
7.222274140932301023e-01
7.373032633260450108e-01
7.526938073844168242e-01
7.684056152404614703e-01
7.844453929876936682e-01
8.008199867033123365e-01
8.175363853702354300e-01
8.346017238601297628e-01
8.520232859787042479e-01
8.698085075745772832e-01
8.879649797130350075e-01
9.065004519160398955e-01
9.254228354698723624e-01
9.447402068018152521e-01
9.644608109273240526e-01
9.845930649691538861e-01
1.005145561749943628e+00
1.026127073459798256e+00
1.047546555400416635e+00
1.069413149807386221e+00
1.091736189752259722e+00
1.114525203126083497e+00
1.137789916706080762e+00
1.161540260307222017e+00
1.185786371020454588e+00
1.210538597539404515e+00
1.235807504577389748e+00
1.261603877376643146e+00
1.287938726311648630e+00
1.314823291588578913e+00
1.342269048042824986e+00
1.370287710036670825e+00
1.398891236459202103e+00
1.428091835830582745e+00
1.457901971512882477e+00
1.488334367029669814e+00
1.519402011496650218e+00
1.551118165165669360e+00
1.583496365084427149e+00
1.616550430874349464e+00
1.650294470629059429e+00
1.684742886935976403e+00
1.719910383023608214e+00
1.755811969037164744e+00
1.792462968445169835e+00
1.829879024579802893e+00
1.868076107313764167e+00
1.907070519876522985e+00
1.946878905812830185e+00
1.987518256086500124e+00
2.029005916332472736e+00
2.071359594260251846e+00
2.114597367211890511e+00
2.158737689877735288e+00
2.203799402173234334e+00
2.249801737280168634e+00
2.296764329855728537e+00
2.344707224412955426e+00
2.393650883876120350e+00
2.443616198314672250e+00
2.494624493859516789e+00
2.546697541805406750e+00
2.599857567903339550e+00
2.654127261846920494e+00
2.709529786956750730e+00
2.766088790066964620e+00
2.823828411618142020e+00
2.882773295960896487e+00
2.942948601874555870e+00
3.004380013305383290e+00
3.067093750328978796e+00
3.131116580341493094e+00
3.196475829484452635e+00
3.263199394308071710e+00
3.331315753678017355e+00
3.400853980930725662e+00
3.471843756282442683e+00
3.544315379497293694e+00
3.618299782819805799e+00
3.693828544177341744e+00
3.770933900658170579e+00
3.849648762270851066e+00
3.930006725990843552e+00
4.012042090100323755e+00
4.095789868827332647e+00
4.181285807290505474e+00
4.268566396755754333e+00
4.357668890211423118e+00
4.448631318268570389e+00
4.541492505393125434e+00
4.636292086476913710e+00
4.733070523754559389e+00
4.831869124073534749e+00
4.932730056524684770e+00
5.035696370440788883e+00
5.140812013770824862e+00
5.248121851837769469e+00
5.357671686487958773e+00
5.469508275640170503e+00
5.583679353242800403e+00
5.700233649647565848e+00
5.819220912408558988e+00
5.940691927515429960e+00
6.064698541069788895e+00
6.191293681414098415e+00
6.320531381722479303e+00
6.452466803063080292e+00
6.587156257941851223e+00
6.724657234337771072e+00
6.865028420239815965e+00
7.008329728696051752e+00
7.154622323385676275e+00
7.303968644724802672e+00
7.456432436517209439e+00
7.612078773161379708e+00
7.770974087425477350e+00
7.933186198802094857e+00
8.098784342454877105e+00
8.267839198769387110e+00
8.440422923520817022e+00
8.616609178671426506e+00
8.796473163810835771e+00
8.980091648252628289e+00
9.167543003800906476e+00
9.358907238200913525e+00
9.554266029287738604e+00
9.753702759848000170e+00
9.957302553209176565e+00
1.016515230957182681e+01
1.037734074310021981e+01
1.059395841978720476e+01
1.081509779610947142e+01
1.104085325848970278e+01
1.127132116358245639e+01
1.150659987940099960e+01
1.174678982730262078e+01
1.199199352485032755e+01
1.224231562956926744e+01
1.249786298361652648e+01
1.275874465938334801e+01
1.302507200604927640e+01
1.329695869710806910e+01
1.357452077888566322e+01
1.385787672007093541e+01
1.414714746228030684e+01
1.444245647167801039e+01
1.474392979167359030e+01
1.505169609671969866e+01
1.536588674723272696e+01
1.568663584565989311e+01
1.601408029371667752e+01
1.634835985081903331e+01
1.668961719373531238e+01
1.703799797748339273e+01
1.739365089749895077e+01
1.775672775310146889e+01
1.812738351228501799e+01
1.850577637786149054e+01
1.889206785498452845e+01
1.928642282008294373e+01
1.968900959123305938e+01
2.009999999999999787e+01
