3.499999999999999947e-06
6.015517034068136072e-03
1.202753406813627211e-02
1.803955110220440902e-02
2.405156813627254420e-02
3.006358517034067937e-02
3.607560220440881454e-02
4.208761923847694625e-02
4.809963627254508489e-02
5.411165330661322354e-02
6.012367034068135524e-02
6.613568737474949388e-02
7.214770440881763947e-02
7.815972144288577117e-02
8.417173847695390287e-02
9.018375551102204846e-02
9.619577254509018016e-02
1.022077895791583119e-01
1.082198066132264574e-01
1.142318236472945892e-01
1.202438406813627209e-01
1.262558577154308526e-01
1.322678747494989704e-01
1.382798917835671160e-01
1.442919088176352616e-01
1.503039258517033794e-01
1.563159428857715250e-01
1.623279599198396705e-01
1.683399769539077884e-01
1.743519939879759340e-01
1.803640110220440795e-01
1.863760280561121974e-01
1.923880450901803429e-01
1.984000621242484885e-01
2.044120791583166064e-01
2.104240961923847519e-01
2.164361132264528975e-01
2.224481302605210153e-01
2.284601472945891609e-01
2.344721643286573065e-01
2.404841813627254243e-01
2.464961983967935699e-01
2.525082154308617155e-01
2.585202324649298333e-01
2.645322494989979512e-01
2.705442665330661245e-01
2.765562835671342423e-01
2.825683006012023601e-01
2.885803176352705335e-01
2.945923346693386513e-01
3.006043517034067691e-01
3.066163687374749425e-01
3.126283857715430603e-01
3.186404028056111781e-01
3.246524198396793515e-01
3.306644368737474693e-01
3.366764539078155871e-01
3.426884709418837605e-01
3.487004879759518783e-01
3.547125050100199961e-01
3.607245220440881694e-01
3.667365390781562873e-01
3.727485561122244051e-01
3.787605731462925784e-01
3.847725901803606963e-01
3.907846072144288141e-01
3.967966242484969874e-01
4.028086412825651053e-01
4.088206583166332231e-01
4.148326753507013964e-01
4.208446923847695142e-01
4.268567094188376321e-01
4.328687264529058054e-01
4.388807434869739232e-01
4.448927605210420411e-01
4.509047775551102144e-01
4.569167945891783322e-01
4.629288116232464501e-01
4.689408286573146234e-01
4.749528456913827412e-01
4.809648627254508590e-01
4.869768797595190324e-01
4.929888967935871502e-01
4.990009138276552680e-01
5.050129308617234969e-01
5.110249478957915592e-01
5.170369649298597325e-01
5.230489819639279059e-01
5.290609989979959682e-01
5.350730160320641415e-01
5.410850330661323149e-01
5.470970501002003772e-01
5.531090671342685505e-01
5.591210841683367239e-01
5.651331012024047862e-01
5.711451182364729595e-01
5.771571352705411329e-01
5.831691523046091952e-01
5.891811693386773685e-01
5.951931863727455418e-01
6.012052034068136042e-01
6.072172204408817775e-01
6.132292374749499508e-01
6.192412545090180132e-01
6.252532715430861865e-01
6.312652885771543598e-01
6.372773056112224221e-01
6.432893226452905955e-01
6.493013396793587688e-01
6.553133567134268311e-01
6.613253737474950045e-01
6.673373907815631778e-01
6.733494078156312401e-01
6.793614248496994135e-01
6.853734418837675868e-01
6.913854589178356491e-01
6.973974759519038225e-01
7.034094929859719958e-01
7.094215100200400581e-01
7.154335270541082314e-01
7.214455440881764048e-01
7.274575611222444671e-01
7.334695781563126404e-01
7.394815951903808138e-01
7.454936122244488761e-01
7.515056292585170494e-01
7.575176462925852228e-01
7.635296633266532851e-01
7.695416803607214584e-01
7.755536973947896318e-01
7.815657144288576941e-01
7.875777314629258674e-01
7.935897484969940407e-01
7.996017655310621031e-01
8.056137825651302764e-01
8.116257995991984497e-01
8.176378166332665121e-01
8.236498336673346854e-01
8.296618507014028587e-01
8.356738677354709210e-01
8.416858847695390944e-01
8.476979018036072677e-01
8.537099188376753300e-01
8.597219358717435034e-01
8.657339529058116767e-01
8.717459699398797390e-01
8.777579869739479124e-01
8.837700040080160857e-01
8.897820210420841480e-01
8.957940380761523214e-01
9.018060551102204947e-01
9.078180721442885570e-01
9.138300891783567304e-01
9.198421062124249037e-01
9.258541232464929660e-01
9.318661402805611393e-01
9.378781573146293127e-01
9.438901743486973750e-01
9.499021913827655483e-01
9.559142084168337217e-01
9.619262254509017840e-01
9.679382424849699573e-01
9.739502595190381307e-01
9.799622765531061930e-01
9.859742935871743663e-01
9.919863106212425397e-01
9.979983276553106020e-01
1.004010344689378664e+00
1.010022361723446949e+00
1.016034378757515011e+00
1.022046395791583073e+00
1.028058412825651358e+00
1.034070429859719420e+00
1.040082446893787482e+00
1.046094463927855767e+00
1.052106480961923829e+00
1.058118497995991891e+00
1.064130515030060176e+00
1.070142532064128238e+00
1.076154549098196300e+00
1.082166566132264585e+00
1.088178583166332647e+00
1.094190600200400709e+00
1.100202617234468994e+00
1.106214634268537056e+00
1.112226651302605118e+00
1.118238668336673403e+00
1.124250685370741465e+00
1.130262702404809527e+00
1.136274719438877812e+00
1.142286736472945874e+00
1.148298753507013936e+00
1.154310770541082221e+00
1.160322787575150283e+00
1.166334804609218345e+00
1.172346821643286630e+00
1.178358838677354692e+00
1.184370855711422754e+00
1.190382872745491039e+00
1.196394889779559101e+00
1.202406906813627163e+00
1.208418923847695448e+00
1.214430940881763510e+00
1.220442957915831572e+00
1.226454974949899857e+00
1.232466991983967919e+00
1.238479009018035981e+00
1.244491026052104266e+00
1.250503043086172328e+00
1.256515060120240390e+00
1.262527077154308675e+00
1.268539094188376737e+00
1.274551111222444799e+00
1.280563128256513084e+00
1.286575145290581146e+00
1.292587162324649208e+00
1.298599179358717493e+00
1.304611196392785555e+00
1.310623213426853617e+00
1.316635230460921901e+00
1.322647247494989964e+00
1.328659264529058026e+00
1.334671281563126310e+00
1.340683298597194373e+00
1.346695315631262435e+00
1.352707332665330719e+00
1.358719349699398782e+00
1.364731366733466844e+00
1.370743383767535128e+00
1.376755400801603191e+00
1.382767417835671253e+00
1.388779434869739537e+00
1.394791451903807600e+00
1.400803468937875662e+00
1.406815485971943946e+00
1.412827503006012009e+00
1.418839520040080071e+00
1.424851537074148355e+00
1.430863554108216418e+00
1.436875571142284480e+00
1.442887588176352764e+00
1.448899605210420827e+00
1.454911622244488889e+00
1.460923639278557173e+00
1.466935656312625236e+00
1.472947673346693298e+00
1.478959690380761582e+00
1.484971707414829645e+00
1.490983724448897707e+00
1.496995741482965991e+00
1.503007758517034054e+00
1.509019775551102116e+00
1.515031792585170400e+00
1.521043809619238463e+00
1.527055826653306525e+00
1.533067843687374809e+00
1.539079860721442872e+00
1.545091877755510934e+00
1.551103894789579218e+00
1.557115911823647281e+00
1.563127928857715343e+00
1.569139945891783627e+00
1.575151962925851690e+00
1.581163979959919752e+00
1.587175996993988036e+00
1.593188014028056099e+00
1.599200031062124161e+00
1.605212048096192445e+00
1.611224065130260508e+00
1.617236082164328570e+00
1.623248099198396854e+00
1.629260116232464917e+00
1.635272133266532979e+00
1.641284150300601263e+00
1.647296167334669326e+00
1.653308184368737388e+00
1.659320201402805672e+00
1.665332218436873735e+00
1.671344235470941797e+00
1.677356252505010081e+00
1.683368269539078144e+00
1.689380286573146206e+00
1.695392303607214490e+00
1.701404320641282553e+00
1.707416337675350615e+00
1.713428354709418899e+00
1.719440371743486962e+00
1.725452388777555024e+00
1.731464405811623308e+00
1.737476422845691371e+00
1.743488439879759433e+00
1.749500456913827717e+00
1.755512473947895780e+00
1.761524490981963842e+00
1.767536508016032126e+00
1.773548525050100189e+00
1.779560542084168251e+00
1.785572559118236535e+00
1.791584576152304598e+00
1.797596593186372660e+00
1.803608610220440944e+00
1.809620627254509007e+00
1.815632644288577069e+00
1.821644661322645353e+00
1.827656678356713416e+00
1.833668695390781478e+00
1.839680712424849762e+00
1.845692729458917825e+00
1.851704746492985887e+00
1.857716763527054171e+00
1.863728780561122234e+00
1.869740797595190296e+00
1.875752814629258580e+00
1.881764831663326643e+00
1.887776848697394705e+00
1.893788865731462989e+00
1.899800882765531052e+00
1.905812899799599114e+00
1.911824916833667398e+00
1.917836933867735461e+00
1.923848950901803523e+00
1.929860967935871807e+00
1.935872984969939870e+00
1.941885002004007932e+00
1.947897019038076216e+00
1.953909036072144279e+00
1.959921053106212341e+00
1.965933070140280625e+00
1.971945087174348687e+00
1.977957104208416750e+00
1.983969121242485034e+00
1.989981138276553096e+00
1.995993155310621159e+00
2.002005172344689221e+00
2.008017189378757283e+00
2.014029206412825790e+00
2.020041223446893852e+00
2.026053240480961914e+00
2.032065257515029977e+00
2.038077274549098039e+00
2.044089291583166101e+00
2.050101308617234608e+00
2.056113325651302670e+00
2.062125342685370732e+00
2.068137359719438795e+00
2.074149376753506857e+00
2.080161393787574919e+00
2.086173410821643426e+00
2.092185427855711488e+00
2.098197444889779550e+00
2.104209461923847613e+00
2.110221478957915675e+00
2.116233495991983737e+00
2.122245513026052244e+00
2.128257530060120306e+00
2.134269547094188368e+00
2.140281564128256431e+00
2.146293581162324493e+00
2.152305598196392555e+00
2.158317615230461062e+00
2.164329632264529124e+00
2.170341649298597186e+00
2.176353666332665249e+00
2.182365683366733311e+00
2.188377700400801373e+00
2.194389717434869880e+00
2.200401734468937942e+00
2.206413751503006004e+00
2.212425768537074067e+00
2.218437785571142129e+00
2.224449802605210191e+00
2.230461819639278698e+00
2.236473836673346760e+00
2.242485853707414822e+00
2.248497870741482885e+00
2.254509887775550947e+00
2.260521904809619009e+00
2.266533921843687516e+00
2.272545938877755578e+00
2.278557955911823640e+00
2.284569972945891703e+00
2.290581989979959765e+00
2.296594007014027827e+00
2.302606024048096334e+00
2.308618041082164396e+00
2.314630058116232458e+00
2.320642075150300521e+00
2.326654092184368583e+00
2.332666109218436645e+00
2.338678126252505152e+00
2.344690143286573214e+00
2.350702160320641276e+00
2.356714177354709339e+00
2.362726194388777401e+00
2.368738211422845463e+00
2.374750228456913970e+00
2.380762245490982032e+00
2.386774262525050094e+00
2.392786279559118157e+00
2.398798296593186219e+00
2.404810313627254281e+00
2.410822330661322788e+00
2.416834347695390850e+00
2.422846364729458912e+00
2.428858381763526975e+00
2.434870398797595037e+00
2.440882415831663099e+00
2.446894432865731606e+00
2.452906449899799668e+00
2.458918466933867730e+00
2.464930483967935793e+00
2.470942501002003855e+00
2.476954518036071917e+00
2.482966535070140424e+00
2.488978552104208486e+00
2.494990569138276548e+00
2.501002586172344611e+00
2.507014603206412673e+00
2.513026620240480735e+00
2.519038637274549242e+00
2.525050654308617304e+00
2.531062671342685366e+00
2.537074688376753429e+00
2.543086705410821491e+00
2.549098722444889553e+00
2.555110739478958060e+00
2.561122756513026122e+00
2.567134773547094184e+00
2.573146790581162247e+00
2.579158807615230309e+00
2.585170824649298371e+00
2.591182841683366878e+00
2.597194858717434940e+00
2.603206875751503002e+00
2.609218892785571065e+00
2.615230909819639127e+00
2.621242926853707189e+00
2.627254943887775696e+00
2.633266960921843758e+00
2.639278977955911820e+00
2.645290994989979882e+00
2.651303012024047945e+00
2.657315029058116007e+00
2.663327046092184514e+00
2.669339063126252576e+00
2.675351080160320638e+00
2.681363097194388700e+00
2.687375114228456763e+00
2.693387131262524825e+00
2.699399148296593332e+00
2.705411165330661394e+00
2.711423182364729456e+00
2.717435199398797518e+00
2.723447216432865581e+00
2.729459233466933643e+00
2.735471250501002149e+00
2.741483267535070212e+00
2.747495284569138274e+00
2.753507301603206336e+00
2.759519318637274399e+00
2.765531335671342461e+00
2.771543352705410967e+00
2.777555369739479030e+00
2.783567386773547092e+00
2.789579403807615154e+00
2.795591420841683217e+00
2.801603437875751279e+00
2.807615454909819785e+00
2.813627471943887848e+00
2.819639488977955910e+00
2.825651506012023972e+00
2.831663523046092035e+00
2.837675540080160097e+00
2.843687557114228603e+00
2.849699574148296666e+00
2.855711591182364728e+00
2.861723608216432790e+00
2.867735625250500853e+00
2.873747642284568915e+00
2.879759659318637421e+00
2.885771676352705484e+00
2.891783693386773546e+00
2.897795710420841608e+00
2.903807727454909671e+00
2.909819744488977733e+00
2.915831761523046239e+00
2.921843778557114302e+00
2.927855795591182364e+00
2.933867812625250426e+00
2.939879829659318489e+00
2.945891846693386551e+00
2.951903863727455057e+00
2.957915880761523120e+00
2.963927897795591182e+00
2.969939914829659244e+00
2.975951931863727307e+00
2.981963948897795369e+00
2.987975965931863875e+00
2.993987982965931938e+00
3.000000000000000000e+00
